Date,DJI,LSE,IBEX35,N225
2000-01,4.0,5.8,None,4.7
2000-02,4.1,5.8,None,4.9
2000-03,4.0,5.7,None,4.9
2000-04,3.8,5.6,None,4.8
2000-05,4.0,5.5,None,4.6
2000-06,4.0,5.3,None,4.7
2000-07,4.0,5.3,None,4.7
2000-08,4.1,5.3,None,4.6
2000-09,3.9,5.4,None,4.7
2000-10,3.9,5.3,None,4.7
2000-11,3.9,5.2,None,4.7
2000-12,3.9,5.2,None,4.8
2001-01,4.2,5.2,None,4.8
2001-02,4.2,5.1,None,4.7
2001-03,4.3,5.0,None,4.8
2001-04,4.4,4.9,None,4.8
2001-05,4.3,5.0,None,4.9
2001-06,4.5,5.0,None,5.0
2001-07,4.6,5.1,None,5.0
2001-08,4.9,5.1,None,5.1
2001-09,5.0,5.1,None,5.3
2001-10,5.3,5.1,None,5.3
2001-11,5.5,5.2,None,5.4
2001-12,5.7,5.2,None,5.4
2002-01,5.7,5.1,11.55,5.2
2002-02,5.7,5.2,11.55,5.3
2002-03,5.7,5.2,11.55,5.3
2002-04,5.9,5.2,11.15,5.3
2002-05,5.8,5.2,11.15,5.4
2002-06,5.8,5.2,11.15,5.5
2002-07,5.8,5.2,11.49,5.4
2002-08,5.7,5.3,11.49,5.5
2002-09,5.7,5.2,11.49,5.4
2002-10,5.7,5.2,11.61,5.4
2002-11,5.9,5.1,11.61,5.2
2002-12,6.0,5.0,11.61,5.4
2003-01,5.8,5.1,11.99,5.4
2003-02,5.9,5.2,11.99,5.2
2003-03,5.9,5.1,11.99,5.4
2003-04,6.0,5.0,11.28,5.5
2003-05,6.1,4.9,11.28,5.4
2003-06,6.3,5.1,11.28,5.4
2003-07,6.2,5.1,11.3,5.2
2003-08,6.1,5.0,11.3,5.1
2003-09,6.1,5.0,11.3,5.2
2003-10,6.0,4.9,11.37,5.1
2003-11,5.8,4.9,11.37,5.1
2003-12,5.7,4.8,11.37,4.9
2004-01,5.7,4.8,11.5,4.9
2004-02,5.6,4.8,11.5,5.0
2004-03,5.8,4.8,11.5,4.8
2004-04,5.6,4.8,11.09,4.8
2004-05,5.6,4.8,11.09,4.7
2004-06,5.6,4.8,11.09,4.7
2004-07,5.5,4.7,10.74,4.9
2004-08,5.4,4.7,10.74,4.8
2004-09,5.4,4.7,10.74,4.6
2004-10,5.5,4.7,10.53,4.6
2004-11,5.4,4.7,10.53,4.5
2004-12,5.4,4.7,10.53,4.5
2005-01,5.3,4.8,10.17,4.5
2005-02,5.4,4.7,10.17,4.6
2005-03,5.2,4.7,10.17,4.5
2005-04,5.2,4.8,9.32,4.5
2005-05,5.1,4.8,9.32,4.5
2005-06,5.0,4.7,9.32,4.3
2005-07,5.0,4.7,8.41,4.4
2005-08,4.9,4.7,8.41,4.3
2005-09,5.0,4.9,8.41,4.2
2005-10,5.0,5.1,8.71,4.4
2005-11,5.0,5.1,8.71,4.5
2005-12,4.9,5.1,8.71,4.4
2006-01,4.7,5.2,9.03,4.4
2006-02,4.8,5.2,9.03,4.1
2006-03,4.7,5.3,9.03,4.1
2006-04,4.7,5.4,8.44,4.1
2006-05,4.6,5.5,8.44,4.1
2006-06,4.6,5.5,8.44,4.2
2006-07,4.7,5.5,8.08,4.1
2006-08,4.7,5.5,8.08,4.1
2006-09,4.5,5.5,8.08,4.1
2006-10,4.4,5.4,8.26,4.1
2006-11,4.5,5.5,8.26,4.0
2006-12,4.4,5.5,8.26,4.0
2007-01,4.6,5.5,8.42,4.0
2007-02,4.5,5.5,8.42,4.0
2007-03,4.4,5.5,8.42,4.0
2007-04,4.5,5.4,7.93,3.8
2007-05,4.4,5.4,7.93,3.8
2007-06,4.6,5.3,7.93,3.7
2007-07,4.7,5.3,8.01,3.6
2007-08,4.6,5.3,8.01,3.7
2007-09,4.7,5.2,8.01,3.9
2007-10,4.7,5.2,8.57,4.0
2007-11,4.7,5.2,8.57,3.8
2007-12,5.0,5.2,8.57,3.7
2008-01,5.0,5.2,9.6,3.9
2008-02,4.9,5.2,9.6,4.0
2008-03,5.1,5.3,9.6,3.8
2008-04,5.0,5.2,10.36,3.9
2008-05,5.4,5.4,10.36,4.0
2008-06,5.6,5.5,10.36,4.0
2008-07,5.8,5.7,11.23,3.9
2008-08,6.1,5.9,11.23,4.1
2008-09,6.1,6.0,11.23,4.0
2008-10,6.5,6.2,13.79,3.8
2008-11,6.8,6.4,13.79,4.0
2008-12,7.3,6.5,13.79,4.4
2009-01,7.8,6.7,17.24,4.3
2009-02,8.3,7.1,17.24,4.6
2009-03,8.7,7.3,17.24,4.8
2009-04,9.0,7.6,17.77,5.0
2009-05,9.4,7.8,17.77,5.1
2009-06,9.5,7.9,17.77,5.2
2009-07,9.5,7.9,17.75,5.5
2009-08,9.6,7.8,17.75,5.4
2009-09,9.8,7.9,17.75,5.4
2009-10,10.0,7.8,18.66,5.2
2009-11,9.9,7.8,18.66,5.2
2009-12,9.9,7.7,18.66,5.2
2010-01,9.8,7.9,19.84,5.0
2010-02,9.8,8.0,19.84,5.0
2010-03,9.9,8.0,19.84,5.1
2010-04,9.9,7.9,19.89,5.1
2010-05,9.6,7.9,19.89,5.1
2010-06,9.4,7.8,19.89,5.2
2010-07,9.4,7.8,19.59,5.0
2010-08,9.5,7.8,19.59,5.1
2010-09,9.5,7.9,19.59,5.1
2010-10,9.4,7.9,20.11,5.1
2010-11,9.8,7.9,20.11,5.0
2010-12,9.3,7.9,20.11,4.9
2011-01,9.1,7.8,21.08,4.8
2011-02,9.0,7.8,21.08,4.7
2011-03,9.0,7.7,21.08,4.7
2011-04,9.1,7.8,20.64,4.7
2011-05,9.0,7.9,20.64,4.6
2011-06,9.1,8.0,20.64,4.7
2011-07,9.0,8.2,21.28,4.7
2011-08,9.0,8.3,21.28,4.5
2011-09,9.0,8.4,21.28,4.2
2011-10,8.8,8.5,22.56,4.4
2011-11,8.6,8.4,22.56,4.5
2011-12,8.5,8.3,22.56,4.5
2012-01,8.3,8.3,24.19,4.5
2012-02,8.3,8.2,24.19,4.5
2012-03,8.2,8.2,24.19,4.5
2012-04,8.2,8.1,24.4,4.5
2012-05,8.2,8.0,24.4,4.4
2012-06,8.2,8.0,24.4,4.3
2012-07,8.2,7.9,24.79,4.3
2012-08,8.1,7.9,24.79,4.2
2012-09,7.8,7.9,24.79,4.2
2012-10,7.8,7.8,25.77,4.1
2012-11,7.7,7.8,25.77,4.1
2012-12,7.9,7.8,25.77,4.3
2013-01,8.0,8.0,26.94,4.2
2013-02,7.7,7.8,26.94,4.3
2013-03,7.5,7.8,26.94,4.1
2013-04,7.6,7.8,26.06,4.1
2013-05,7.5,7.7,26.06,4.1
2013-06,7.5,7.7,26.06,3.9
2013-07,7.3,7.7,25.65,3.8
2013-08,7.3,7.6,25.65,4.1
2013-09,7.2,7.4,25.65,3.9
2013-10,7.2,7.2,25.73,4.0
2013-11,6.9,7.2,25.73,3.9
2013-12,6.7,7.2,25.73,3.7
2014-01,6.6,6.9,25.93,3.7
2014-02,6.7,6.8,25.93,3.6
2014-03,6.7,6.6,25.93,3.6
2014-04,6.2,6.4,24.47,3.6
2014-05,6.3,6.3,24.47,3.6
2014-06,6.1,6.1,24.47,3.7
2014-07,6.2,6.0,23.67,3.7
2014-08,6.2,6.0,23.67,3.5
2014-09,5.9,6.0,23.67,3.5
2014-10,5.7,5.9,23.7,3.6
2014-11,5.8,5.7,23.7,3.5
2014-12,5.6,5.7,23.7,3.4
2015-01,5.7,5.6,23.78,3.5
2015-02,5.5,5.5,23.78,3.5
2015-03,5.4,5.5,23.78,3.4
2015-04,5.4,5.6,22.37,3.4
2015-05,5.5,5.6,22.37,3.3
2015-06,5.3,5.5,22.37,3.4
2015-07,5.2,5.4,21.18,3.4
2015-08,5.1,5.3,21.18,3.4
2015-09,5.0,5.2,21.18,3.4
2015-10,5.0,5.1,20.9,3.2
2015-11,5.0,5.1,20.9,3.3
2015-12,5.0,5.1,20.9,3.3
2016-01,4.9,5.1,21,3.2
2016-02,4.9,5.1,21,3.2
2016-03,5.0,5.0,21,3.2
2016-04,5.0,4.9,20,3.2
2016-05,4.7,4.9,20,3.2
2016-06,4.9,4.9,20,3.1
2016-07,4.9,5.0,18.91,3.0
2016-08,4.9,4.8,18.91,3.1
2016-09,4.9,4.8,18.91,3.0
2016-10,4.8,4.8,18.63,3.0
2016-11,4.6,4.8,18.63,3.1
